Cost:
53129.29669819667
Routes:
22
0,34,205,22,57,110,31,223,62,49,231,27,17
0,96,113,32,76,9,91,14,133,196,136,37
0,112,83,200,58,50,148,26,159,59,201,60,74,28,145
0,146,4,2,152,244,226,230,206,121,52,161
0,207,21,51,187,225,70,18,129,183,228,156,55
0,75,180,139,47,46,217,245,61,71,80,65
0,142,105,44,108,213,1,103,166,184,198,222,135,107
0,117,153,132,82,25,120,243,216,138,125,73,38,220
0,248,170,144,241,66,237,104,29,119,219
0,247,79,24,40,7,191,234,239,154,98,238,134,102
0,92,114,30,211,8,192,177,224,236,127,45
0,197,232,160,94,23,99,204,48,195,155,214
0,126,212,78,88,16,137,123,169,186,39
0,115,67,19,100,199,64,35,171
0,167,86,250,72,172,249,235,3,147,90,6,173
0,89,63,85,203,209,190,182,118,11,242
0,193,106,43,122,15,181,229,124,77,221,41,42
0,12,53,158,151,210,194,81,149,128,13,175,233
0,179,131,188,69,208,130,174,68,178,95,246
0,218,54,162,5,87,10,202,165,143,140,56,109
0,97,157,141,101,150,163,93,116,164,20
0,168,84,227,185,36,111,33,189,240,176,215
